INFO: 2024-05-05 19:36:23,535: Data
INFO: 2024-05-05 19:36:42,486: Data shape (110527, 14)
INFO: 2024-05-05 19:36:52,952: Percentage of women: 0.653882342398853
INFO: 2024-05-05 19:37:05,781: Percentage of men: 0.346117657601147
ERROR: 2024-05-05 19:37:17,900: Data shape is incorrect!
